x 	 y 	 ln x 	 ln y 	 xy 	 xx
0.100000 	 89900.000000 	 -2.302585 	 11.406453 	 -26.264329 	 5.301898
 0.200000 	 44990.000000 	 -1.609438 	 10.714196 	 -17.243832 	 2.590290
 0.300000 	 29890.000000 	 -1.203973 	 10.305279 	 -12.407276 	 1.449551
 0.400000 	 22490.000000 	 -0.916291 	 10.020826 	 -9.181990 	 0.839589
 0.500000 	 17950.000000 	 -0.693147 	 9.795345 	 -6.789616 	 0.480453
 0.600000 	 15200.000000 	 -0.510826 	 9.629051 	 -4.918766 	 0.260943
 0.700000 	 12800.000000 	 -0.356675 	 9.457200 	 -3.373146 	 0.127217
 0.800000 	 11290.000000 	 -0.223144 	 9.331673 	 -2.082303 	 0.049793
 0.900000 	 9890.000000 	 -0.105361 	 9.199279 	 -0.969241 	 0.011101
 1.000000 	 9100.000000 	 0.000000 	 9.116030 	 0.000000 	 0.000000
 9.116030 	 98.975332 	 -83.230499 	 11.110834 
 y=-0.998x+9.107
y=9015.664x^(-0.998)